0.000000000000000000e+00
6.096096096096095747e-05
1.219219219219219149e-04
1.828828828828828656e-04
2.438438438438438299e-04
3.048048048048047670e-04
3.657657657657657313e-04
4.267267267267266955e-04
4.876876876876876598e-04
5.486486486486485698e-04
6.096096096096095341e-04
6.705705705705704983e-04
7.315315315315314626e-04
7.924924924924924268e-04
8.534534534534533911e-04
9.144144144144143553e-04
9.753753753753753196e-04
1.036336336336336284e-03
1.097297297297297140e-03
1.158258258258258212e-03
1.219219219219219068e-03
1.280180180180180141e-03
1.341141141141140997e-03
1.402102102102102069e-03
1.463063063063062925e-03
1.524024024024023998e-03
1.584984984984984854e-03
1.645945945945945926e-03
1.706906906906906782e-03
1.767867867867867855e-03
1.828828828828828711e-03
1.889789789789789783e-03
1.950750750750750639e-03
2.011711711711711495e-03
2.072672672672672568e-03
2.133633633633633640e-03
2.194594594594594279e-03
2.255555555555555352e-03
2.316516516516516425e-03
2.377477477477477497e-03
2.438438438438438136e-03
2.499399399399399209e-03
2.560360360360360282e-03
2.621321321321321354e-03
2.682282282282281993e-03
2.743243243243243066e-03
2.804204204204204139e-03
2.865165165165165211e-03
2.926126126126125850e-03
2.987087087087086923e-03
3.048048048048047996e-03
3.109009009009008635e-03
3.169969969969969707e-03
3.230930930930930780e-03
3.291891891891891853e-03
3.352852852852852492e-03
3.413813813813813564e-03
3.474774774774774637e-03
3.535735735735735710e-03
3.596696696696696349e-03
3.657657657657657421e-03
3.718618618618618494e-03
3.779579579579579567e-03
3.840540540540540206e-03
3.901501501501501278e-03
3.962462462462462351e-03
4.023423423423422990e-03
4.084384384384384496e-03
4.145345345345345135e-03
4.206306306306305774e-03
4.267267267267267281e-03
4.328228228228227920e-03
4.389189189189188559e-03
4.450150150150150065e-03
4.511111111111110704e-03
4.572072072072072210e-03
4.633033033033032849e-03
4.693993993993993488e-03
4.754954954954954995e-03
4.815915915915915634e-03
4.876876876876876273e-03
4.937837837837837779e-03
4.998798798798798418e-03
5.059759759759759057e-03
5.120720720720720563e-03
5.181681681681681202e-03
5.242642642642642709e-03
5.303603603603603348e-03
5.364564564564563987e-03
5.425525525525525493e-03
5.486486486486486132e-03
5.547447447447446771e-03
5.608408408408408277e-03
5.669369369369368916e-03
5.730330330330330423e-03
5.791291291291291062e-03
5.852252252252251701e-03
5.913213213213213207e-03
5.974174174174173846e-03
6.035135135135134485e-03
6.096096096096095991e-03
6.157057057057056630e-03
6.218018018018017269e-03
6.278978978978978776e-03
6.339939939939939414e-03
6.400900900900900921e-03
6.461861861861861560e-03
6.522822822822822199e-03
6.583783783783783705e-03
6.644744744744744344e-03
6.705705705705704983e-03
6.766666666666666489e-03
6.827627627627627128e-03
6.888588588588587767e-03
6.949549549549549274e-03
7.010510510510509913e-03
7.071471471471471419e-03
7.132432432432432058e-03
7.193393393393392697e-03
7.254354354354354203e-03
7.315315315315314842e-03
7.376276276276275481e-03
7.437237237237236988e-03
7.498198198198197627e-03
7.559159159159159133e-03
7.620120120120119772e-03
7.681081081081080411e-03
7.742042042042041917e-03
7.803003003003002556e-03
7.863963963963964063e-03
7.924924924924924702e-03
7.985885885885885341e-03
8.046846846846845980e-03
8.107807807807806619e-03
8.168768768768768992e-03
8.229729729729729631e-03
8.290690690690690270e-03
8.351651651651650909e-03
8.412612612612611548e-03
8.473573573573573922e-03
8.534534534534534561e-03
8.595495495495495200e-03
8.656456456456455839e-03
8.717417417417416478e-03
8.778378378378377117e-03
8.839339339339339491e-03
8.900300300300300130e-03
8.961261261261260769e-03
9.022222222222221408e-03
9.083183183183182047e-03
9.144144144144144420e-03
9.205105105105105059e-03
9.266066066066065698e-03
9.327027027027026337e-03
9.387987987987986976e-03
9.448948948948947615e-03
9.509909909909909989e-03
9.570870870870870628e-03
9.631831831831831267e-03
9.692792792792791906e-03
9.753753753753752545e-03
9.814714714714714919e-03
9.875675675675675558e-03
9.936636636636636197e-03
9.997597597597596836e-03
1.005855855855855747e-02
1.011951951951951811e-02
1.018048048048048049e-02
1.024144144144144113e-02
1.030240240240240177e-02
1.036336336336336240e-02
1.042432432432432304e-02
1.048528528528528542e-02
1.054624624624624606e-02
1.060720720720720670e-02
1.066816816816816733e-02
1.072912912912912797e-02
1.079009009009008861e-02
1.085105105105105099e-02
1.091201201201201162e-02
1.097297297297297226e-02
1.103393393393393290e-02
1.109489489489489354e-02
1.115585585585585592e-02
1.121681681681681655e-02
1.127777777777777719e-02
1.133873873873873783e-02
1.139969969969969847e-02
1.146066066066066085e-02
1.152162162162162148e-02
1.158258258258258212e-02
1.164354354354354276e-02
1.170450450450450340e-02
1.176546546546546404e-02
1.182642642642642641e-02
1.188738738738738705e-02
1.194834834834834769e-02
1.200930930930930833e-02
1.207027027027026897e-02
1.213123123123123134e-02
1.219219219219219198e-02
1.225315315315315262e-02
1.231411411411411326e-02
1.237507507507507390e-02
1.243603603603603454e-02
1.249699699699699691e-02
1.255795795795795755e-02
1.261891891891891819e-02
1.267987987987987883e-02
1.274084084084083947e-02
1.280180180180180184e-02
1.286276276276276248e-02
1.292372372372372312e-02
1.298468468468468376e-02
1.304564564564564440e-02
1.310660660660660504e-02
1.316756756756756741e-02
1.322852852852852805e-02
1.328948948948948869e-02
1.335045045045044933e-02
1.341141141141140997e-02
1.347237237237237234e-02
1.353333333333333298e-02
1.359429429429429362e-02
1.365525525525525426e-02
1.371621621621621490e-02
1.377717717717717553e-02
1.383813813813813791e-02
1.389909909909909855e-02
1.396006006006005919e-02
1.402102102102101983e-02
1.408198198198198046e-02
1.414294294294294284e-02
1.420390390390390348e-02
1.426486486486486412e-02
1.432582582582582476e-02
1.438678678678678539e-02
1.444774774774774777e-02
1.450870870870870841e-02
1.456966966966966905e-02
1.463063063063062968e-02
1.469159159159159032e-02
1.475255255255255096e-02
1.481351351351351334e-02
1.487447447447447398e-02
1.493543543543543461e-02
1.499639639639639525e-02
1.505735735735735589e-02
1.511831831831831827e-02
1.517927927927927891e-02
1.524024024024023954e-02
1.530120120120120018e-02
1.536216216216216082e-02
1.542312312312312146e-02
1.548408408408408383e-02
1.554504504504504447e-02
1.560600600600600511e-02
1.566696696696696575e-02
1.572792792792792813e-02
1.578888888888888703e-02
1.584984984984984940e-02
1.591081081081080831e-02
1.597177177177177068e-02
1.603273273273273306e-02
1.609369369369369196e-02
1.615465465465465433e-02
1.621561561561561324e-02
1.627657657657657561e-02
1.633753753753753798e-02
1.639849849849849689e-02
1.645945945945945926e-02
1.652042042042041817e-02
1.658138138138138054e-02
1.664234234234234291e-02
1.670330330330330182e-02
1.676426426426426419e-02
1.682522522522522310e-02
1.688618618618618547e-02
1.694714714714714784e-02
1.700810810810810675e-02
1.706906906906906912e-02
1.713003003003002803e-02
1.719099099099099040e-02
1.725195195195194930e-02
1.731291291291291168e-02
1.737387387387387405e-02
1.743483483483483296e-02
1.749579579579579533e-02
1.755675675675675423e-02
1.761771771771771661e-02
1.767867867867867898e-02
1.773963963963963789e-02
1.780060060060060026e-02
1.786156156156155916e-02
1.792252252252252154e-02
1.798348348348348391e-02
1.804444444444444282e-02
1.810540540540540519e-02
1.816636636636636409e-02
1.822732732732732647e-02
1.828828828828828884e-02
1.834924924924924775e-02
1.841021021021021012e-02
1.847117117117116902e-02
1.853213213213213140e-02
1.859309309309309030e-02
1.865405405405405267e-02
1.871501501501501505e-02
1.877597597597597395e-02
1.883693693693693633e-02
1.889789789789789523e-02
1.895885885885885760e-02
1.901981981981981998e-02
1.908078078078077888e-02
1.914174174174174126e-02
1.920270270270270016e-02
1.926366366366366253e-02
1.932462462462462491e-02
1.938558558558558381e-02
1.944654654654654619e-02
1.950750750750750509e-02
1.956846846846846746e-02
1.962942942942942984e-02
1.969039039039038874e-02
1.975135135135135112e-02
1.981231231231231002e-02
1.987327327327327239e-02
1.993423423423423477e-02
1.999519519519519367e-02
2.005615615615615605e-02
2.011711711711711495e-02
2.017807807807807732e-02
2.023903903903903623e-02
2.029999999999999860e-02
2.036096096096096097e-02
2.042192192192191988e-02
2.048288288288288225e-02
2.054384384384384116e-02
2.060480480480480353e-02
2.066576576576576590e-02
2.072672672672672481e-02
2.078768768768768718e-02
2.084864864864864609e-02
2.090960960960960846e-02
2.097057057057057083e-02
2.103153153153152974e-02
2.109249249249249211e-02
2.115345345345345102e-02
2.121441441441441339e-02
2.127537537537537576e-02
2.133633633633633467e-02
2.139729729729729704e-02
2.145825825825825595e-02
2.151921921921921832e-02
2.158018018018017722e-02
2.164114114114113960e-02
2.170210210210210197e-02
2.176306306306306088e-02
2.182402402402402325e-02
2.188498498498498215e-02
2.194594594594594453e-02
2.200690690690690690e-02
2.206786786786786581e-02
2.212882882882882818e-02
2.218978978978978708e-02
2.225075075075074946e-02
2.231171171171171183e-02
2.237267267267267074e-02
2.243363363363363311e-02
2.249459459459459201e-02
2.255555555555555439e-02
2.261651651651651676e-02
2.267747747747747566e-02
2.273843843843843804e-02
2.279939939939939694e-02
2.286036036036035932e-02
2.292132132132132169e-02
2.298228228228228059e-02
2.304324324324324297e-02
2.310420420420420187e-02
2.316516516516516425e-02
2.322612612612612315e-02
2.328708708708708552e-02
2.334804804804804790e-02
2.340900900900900680e-02
2.346996996996996918e-02
2.353093093093092808e-02
2.359189189189189045e-02
2.365285285285285283e-02
2.371381381381381173e-02
2.377477477477477411e-02
2.383573573573573301e-02
2.389669669669669538e-02
2.395765765765765776e-02
2.401861861861861666e-02
2.407957957957957904e-02
2.414054054054053794e-02
2.420150150150150031e-02
2.426246246246246269e-02
2.432342342342342159e-02
2.438438438438438396e-02
2.444534534534534287e-02
2.450630630630630524e-02
2.456726726726726415e-02
2.462822822822822652e-02
2.468918918918918889e-02
2.475015015015014780e-02
2.481111111111111017e-02
2.487207207207206908e-02
2.493303303303303145e-02
2.499399399399399382e-02
2.505495495495495273e-02
2.511591591591591510e-02
2.517687687687687401e-02
2.523783783783783638e-02
2.529879879879879875e-02
2.535975975975975766e-02
2.542072072072072003e-02
2.548168168168167894e-02
2.554264264264264131e-02
2.560360360360360368e-02
2.566456456456456259e-02
2.572552552552552496e-02
2.578648648648648387e-02
2.584744744744744624e-02
2.590840840840840861e-02
2.596936936936936752e-02
2.603033033033032989e-02
2.609129129129128880e-02
2.615225225225225117e-02
2.621321321321321007e-02
2.627417417417417245e-02
2.633513513513513482e-02
2.639609609609609372e-02
2.645705705705705610e-02
2.651801801801801500e-02
2.657897897897897738e-02
2.663993993993993975e-02
2.670090090090089865e-02
2.676186186186186103e-02
2.682282282282281993e-02
2.688378378378378231e-02
2.694474474474474468e-02
2.700570570570570358e-02
2.706666666666666596e-02
2.712762762762762486e-02
2.718858858858858724e-02
2.724954954954954961e-02
2.731051051051050851e-02
2.737147147147147089e-02
2.743243243243242979e-02
2.749339339339339217e-02
2.755435435435435107e-02
2.761531531531531344e-02
2.767627627627627582e-02
2.773723723723723472e-02
2.779819819819819710e-02
2.785915915915915600e-02
2.792012012012011837e-02
2.798108108108108075e-02
2.804204204204203965e-02
2.810300300300300202e-02
2.816396396396396093e-02
2.822492492492492330e-02
2.828588588588588568e-02
2.834684684684684458e-02
2.840780780780780695e-02
2.846876876876876586e-02
2.852972972972972823e-02
2.859069069069069061e-02
2.865165165165164951e-02
2.871261261261261188e-02
2.877357357357357079e-02
2.883453453453453316e-02
2.889549549549549554e-02
2.895645645645645444e-02
2.901741741741741681e-02
2.907837837837837572e-02
2.913933933933933809e-02
2.920030030030029700e-02
2.926126126126125937e-02
2.932222222222222174e-02
2.938318318318318065e-02
2.944414414414414302e-02
2.950510510510510193e-02
2.956606606606606430e-02
2.962702702702702667e-02
2.968798798798798558e-02
2.974894894894894795e-02
2.980990990990990686e-02
2.987087087087086923e-02
2.993183183183183160e-02
2.999279279279279051e-02
3.005375375375375288e-02
3.011471471471471179e-02
3.017567567567567416e-02
3.023663663663663653e-02
3.029759759759759544e-02
3.035855855855855781e-02
3.041951951951951671e-02
3.048048048048047909e-02
3.054144144144143799e-02
3.060240240240240037e-02
3.066336336336336274e-02
3.072432432432432164e-02
3.078528528528528402e-02
3.084624624624624292e-02
3.090720720720720530e-02
3.096816816816816767e-02
3.102912912912912657e-02
3.109009009009008895e-02
3.115105105105104785e-02
3.121201201201201023e-02
3.127297297297296913e-02
3.133393393393393150e-02
3.139489489489489388e-02
3.145585585585585625e-02
3.151681681681681169e-02
3.157777777777777406e-02
3.163873873873873643e-02
3.169969969969969881e-02
3.176066066066066118e-02
3.182162162162161662e-02
3.188258258258257899e-02
3.194354354354354136e-02
3.200450450450450374e-02
3.206546546546546611e-02
3.212642642642642155e-02
3.218738738738738392e-02
3.224834834834834629e-02
3.230930930930930867e-02
3.237027027027027104e-02
3.243123123123122648e-02
3.249219219219218885e-02
3.255315315315315122e-02
3.261411411411411360e-02
3.267507507507507597e-02
3.273603603603603140e-02
3.279699699699699378e-02
3.285795795795795615e-02
3.291891891891891853e-02
3.297987987987988090e-02
3.304084084084083633e-02
3.310180180180179871e-02
3.316276276276276108e-02
3.322372372372372346e-02
3.328468468468468583e-02
3.334564564564564126e-02
3.340660660660660364e-02
3.346756756756756601e-02
3.352852852852852839e-02
3.358948948948949076e-02
3.365045045045044619e-02
3.371141141141140857e-02
3.377237237237237094e-02
3.383333333333333331e-02
3.389429429429429569e-02
3.395525525525525112e-02
3.401621621621621350e-02
3.407717717717717587e-02
3.413813813813813824e-02
3.419909909909909368e-02
3.426006006006005605e-02
3.432102102102101843e-02
3.438198198198198080e-02
3.444294294294294317e-02
3.450390390390389861e-02
3.456486486486486098e-02
3.462582582582582336e-02
3.468678678678678573e-02
3.474774774774774810e-02
3.480870870870870354e-02
3.486966966966966591e-02
3.493063063063062829e-02
3.499159159159159066e-02
3.505255255255255303e-02
3.511351351351350847e-02
3.517447447447447084e-02
3.523543543543543322e-02
3.529639639639639559e-02
3.535735735735735796e-02
3.541831831831831340e-02
3.547927927927927577e-02
3.554024024024023815e-02
3.560120120120120052e-02
3.566216216216216289e-02
3.572312312312311833e-02
3.578408408408408070e-02
3.584504504504504308e-02
3.590600600600600545e-02
3.596696696696696782e-02
3.602792792792792326e-02
3.608888888888888563e-02
3.614984984984984800e-02
3.621081081081081038e-02
3.627177177177177275e-02
3.633273273273272819e-02
3.639369369369369056e-02
3.645465465465465293e-02
3.651561561561561531e-02
3.657657657657657768e-02
3.663753753753753312e-02
3.669849849849849549e-02
3.675945945945945786e-02
3.682042042042042024e-02
3.688138138138138261e-02
3.694234234234233805e-02
3.700330330330330042e-02
3.706426426426426279e-02
3.712522522522522517e-02
3.718618618618618060e-02
3.724714714714714298e-02
3.730810810810810535e-02
3.736906906906906772e-02
3.743003003003003010e-02
3.749099099099098553e-02
3.755195195195194791e-02
3.761291291291291028e-02
3.767387387387387265e-02
3.773483483483483503e-02
3.779579579579579046e-02
3.785675675675675284e-02
3.791771771771771521e-02
3.797867867867867758e-02
3.803963963963963996e-02
3.810060060060059539e-02
3.816156156156155776e-02
3.822252252252252014e-02
3.828348348348348251e-02
3.834444444444444489e-02
3.840540540540540032e-02
3.846636636636636269e-02
3.852732732732732507e-02
3.858828828828828744e-02
3.864924924924924982e-02
3.871021021021020525e-02
3.877117117117116762e-02
3.883213213213213000e-02
3.889309309309309237e-02
3.895405405405405475e-02
3.901501501501501018e-02
3.907597597597597255e-02
3.913693693693693493e-02
3.919789789789789730e-02
3.925885885885885968e-02
3.931981981981981511e-02
3.938078078078077748e-02
3.944174174174173986e-02
3.950270270270270223e-02
3.956366366366366460e-02
3.962462462462462004e-02
3.968558558558558241e-02
3.974654654654654479e-02
3.980750750750750716e-02
3.986846846846846953e-02
3.992942942942942497e-02
3.999039039039038734e-02
4.005135135135134972e-02
4.011231231231231209e-02
4.017327327327326753e-02
4.023423423423422990e-02
4.029519519519519227e-02
4.035615615615615465e-02
4.041711711711711702e-02
4.047807807807807245e-02
4.053903903903903483e-02
4.059999999999999720e-02
4.066096096096095958e-02
4.072192192192192195e-02
4.078288288288287738e-02
4.084384384384383976e-02
4.090480480480480213e-02
4.096576576576576451e-02
4.102672672672672688e-02
4.108768768768768231e-02
4.114864864864864469e-02
4.120960960960960706e-02
4.127057057057056944e-02
4.133153153153153181e-02
4.139249249249248724e-02
4.145345345345344962e-02
4.151441441441441199e-02
4.157537537537537436e-02
4.163633633633633674e-02
4.169729729729729217e-02
4.175825825825825455e-02
4.181921921921921692e-02
4.188018018018017929e-02
4.194114114114114167e-02
4.200210210210209710e-02
4.206306306306305948e-02
4.212402402402402185e-02
4.218498498498498422e-02
4.224594594594594660e-02
4.230690690690690203e-02
4.236786786786786441e-02
4.242882882882882678e-02
4.248978978978978915e-02
4.255075075075075153e-02
4.261171171171170696e-02
4.267267267267266934e-02
4.273363363363363171e-02
4.279459459459459408e-02
4.285555555555555646e-02
4.291651651651651189e-02
4.297747747747747427e-02
4.303843843843843664e-02
4.309939939939939901e-02
4.316036036036035445e-02
4.322132132132131682e-02
4.328228228228227920e-02
4.334324324324324157e-02
4.340420420420420394e-02
4.346516516516515938e-02
4.352612612612612175e-02
4.358708708708708413e-02
4.364804804804804650e-02
4.370900900900900887e-02
4.376996996996996431e-02
4.383093093093092668e-02
4.389189189189188905e-02
4.395285285285285143e-02
4.401381381381381380e-02
4.407477477477476924e-02
4.413573573573573161e-02
4.419669669669669398e-02
4.425765765765765636e-02
4.431861861861861873e-02
4.437957957957957417e-02
4.444054054054053654e-02
4.450150150150149891e-02
4.456246246246246129e-02
4.462342342342342366e-02
4.468438438438437910e-02
4.474534534534534147e-02
4.480630630630630384e-02
4.486726726726726622e-02
4.492822822822822859e-02
4.498918918918918403e-02
4.505015015015014640e-02
4.511111111111110877e-02
4.517207207207207115e-02
4.523303303303303352e-02
4.529399399399398896e-02
4.535495495495495133e-02
4.541591591591591370e-02
4.547687687687687608e-02
4.553783783783783845e-02
4.559879879879879389e-02
4.565975975975975626e-02
4.572072072072071863e-02
4.578168168168168101e-02
4.584264264264264338e-02
4.590360360360359882e-02
4.596456456456456119e-02
4.602552552552552356e-02
4.608648648648648594e-02
4.614744744744744137e-02
4.620840840840840374e-02
4.626936936936936612e-02
4.633033033033032849e-02
4.639129129129129087e-02
4.645225225225224630e-02
4.651321321321320867e-02
4.657417417417417105e-02
4.663513513513513342e-02
4.669609609609609580e-02
4.675705705705705123e-02
4.681801801801801360e-02
4.687897897897897598e-02
4.693993993993993835e-02
4.700090090090090073e-02
4.706186186186185616e-02
4.712282282282281853e-02
4.718378378378378091e-02
4.724474474474474328e-02
4.730570570570570565e-02
4.736666666666666109e-02
4.742762762762762346e-02
4.748858858858858584e-02
4.754954954954954821e-02
4.761051051051051058e-02
4.767147147147146602e-02
4.773243243243242839e-02
4.779339339339339077e-02
4.785435435435435314e-02
4.791531531531531551e-02
4.797627627627627095e-02
4.803723723723723332e-02
4.809819819819819570e-02
4.815915915915915807e-02
4.822012012012012044e-02
4.828108108108107588e-02
4.834204204204203825e-02
4.840300300300300063e-02
4.846396396396396300e-02
4.852492492492492537e-02
4.858588588588588081e-02
4.864684684684684318e-02
4.870780780780780556e-02
4.876876876876876793e-02
4.882972972972973030e-02
4.889069069069068574e-02
4.895165165165164811e-02
4.901261261261261049e-02
4.907357357357357286e-02
4.913453453453452829e-02
4.919549549549549067e-02
4.925645645645645304e-02
4.931741741741741542e-02
4.937837837837837779e-02
4.943933933933933322e-02
4.950030030030029560e-02
4.956126126126125797e-02
4.962222222222222034e-02
4.968318318318318272e-02
4.974414414414413815e-02
4.980510510510510053e-02
4.986606606606606290e-02
4.992702702702702527e-02
4.998798798798798765e-02
5.004894894894894308e-02
5.010990990990990546e-02
5.017087087087086783e-02
5.023183183183183020e-02
5.029279279279279258e-02
5.035375375375374801e-02
5.041471471471471039e-02
5.047567567567567276e-02
5.053663663663663513e-02
5.059759759759759751e-02
5.065855855855855294e-02
5.071951951951951532e-02
5.078048048048047769e-02
5.084144144144144006e-02
5.090240240240240244e-02
5.096336336336335787e-02
5.102432432432432025e-02
5.108528528528528262e-02
5.114624624624624499e-02
5.120720720720720737e-02
5.126816816816816280e-02
5.132912912912912518e-02
5.139009009009008755e-02
5.145105105105104992e-02
5.151201201201201230e-02
5.157297297297296773e-02
5.163393393393393010e-02
5.169489489489489248e-02
5.175585585585585485e-02
5.181681681681681723e-02
5.187777777777777266e-02
5.193873873873873503e-02
5.199969969969969741e-02
5.206066066066065978e-02
5.212162162162161522e-02
5.218258258258257759e-02
5.224354354354353996e-02
5.230450450450450234e-02
5.236546546546546471e-02
5.242642642642642015e-02
5.248738738738738252e-02
5.254834834834834489e-02
5.260930930930930727e-02
5.267027027027026964e-02
5.273123123123122508e-02
5.279219219219218745e-02
5.285315315315314982e-02
5.291411411411411220e-02
5.297507507507507457e-02
5.303603603603603001e-02
5.309699699699699238e-02
5.315795795795795475e-02
5.321891891891891713e-02
5.327987987987987950e-02
5.334084084084083494e-02
5.340180180180179731e-02
5.346276276276275968e-02
5.352372372372372206e-02
5.358468468468468443e-02
5.364564564564563987e-02
5.370660660660660224e-02
5.376756756756756461e-02
5.382852852852852699e-02
5.388948948948948936e-02
5.395045045045044479e-02
5.401141141141140717e-02
5.407237237237236954e-02
5.413333333333333192e-02
5.419429429429429429e-02
5.425525525525524972e-02
5.431621621621621210e-02
5.437717717717717447e-02
5.443813813813813685e-02
5.449909909909909922e-02
5.456006006006005465e-02
5.462102102102101703e-02
5.468198198198197940e-02
5.474294294294294178e-02
5.480390390390390415e-02
5.486486486486485958e-02
5.492582582582582196e-02
5.498678678678678433e-02
5.504774774774774670e-02
5.510870870870870214e-02
5.516966966966966451e-02
5.523063063063062689e-02
5.529159159159158926e-02
5.535255255255255163e-02
5.541351351351350707e-02
5.547447447447446944e-02
5.553543543543543182e-02
5.559639639639639419e-02
5.565735735735735656e-02
5.571831831831831200e-02
5.577927927927927437e-02
5.584024024024023675e-02
5.590120120120119912e-02
5.596216216216216149e-02
5.602312312312311693e-02
5.608408408408407930e-02
5.614504504504504168e-02
5.620600600600600405e-02
5.626696696696696642e-02
5.632792792792792186e-02
5.638888888888888423e-02
5.644984984984984661e-02
5.651081081081080898e-02
5.657177177177177135e-02
5.663273273273272679e-02
5.669369369369368916e-02
5.675465465465465154e-02
5.681561561561561391e-02
5.687657657657657628e-02
5.693753753753753172e-02
5.699849849849849409e-02
5.705945945945945647e-02
5.712042042042041884e-02
5.718138138138138121e-02
5.724234234234233665e-02
5.730330330330329902e-02
5.736426426426426139e-02
5.742522522522522377e-02
5.748618618618618614e-02
5.754714714714714158e-02
5.760810810810810395e-02
5.766906906906906632e-02
5.773003003003002870e-02
5.779099099099099107e-02
5.785195195195194651e-02
5.791291291291290888e-02
5.797387387387387125e-02
5.803483483483483363e-02
5.809579579579578906e-02
5.815675675675675144e-02
5.821771771771771381e-02
5.827867867867867618e-02
5.833963963963963856e-02
5.840060060060059399e-02
5.846156156156155637e-02
5.852252252252251874e-02
5.858348348348348111e-02
5.864444444444444349e-02
5.870540540540539892e-02
5.876636636636636130e-02
5.882732732732732367e-02
5.888828828828828604e-02
5.894924924924924842e-02
5.901021021021020385e-02
5.907117117117116623e-02
5.913213213213212860e-02
5.919309309309309097e-02
5.925405405405405335e-02
5.931501501501500878e-02
5.937597597597597116e-02
5.943693693693693353e-02
5.949789789789789590e-02
5.955885885885885828e-02
5.961981981981981371e-02
5.968078078078077608e-02
5.974174174174173846e-02
5.980270270270270083e-02
5.986366366366366321e-02
5.992462462462461864e-02
5.998558558558558101e-02
6.004654654654654339e-02
6.010750750750750576e-02
6.016846846846846814e-02
6.022942942942942357e-02
6.029039039039038594e-02
6.035135135135134832e-02
6.041231231231231069e-02
6.047327327327327307e-02
6.053423423423422850e-02
6.059519519519519087e-02
6.065615615615615325e-02
6.071711711711711562e-02
6.077807807807807799e-02
6.083903903903903343e-02
6.089999999999999580e-02
